0 0 1 0605 0800 1230 1520 1800 1830 2000 2400
1 1 1 0701 0900 1200 1300 1200 1500 1800 1900
2 0 1 1250 1500 1600 1830 2140 2230 0000 0100
3 1 1 1350 1445 1620 1720 1820 0100 2021 2230
4 0 2 2050 4050 0600 1200
5 1 2 0800 0900 1525 1630
6 0 3 0300 0504 0950 1100
7 1 3 1100 1102 1305 1800
8 1 2 1620 1700 1800 1900
9 0 1 0605 0800 1230 1520 1800 1830 2000 2400
0 1 1 0701 0900 1200 1300 1200 1500 1800 1900
11 0 1 1250 1500 1600 1830 2140 2230 0000 0100
12 1 1 1350 1445 1620 1720 1820 0100 2021 2230
13 0 2 2050 4050 0600 1200
14 1 2 0800 0900 1525 1630
15 0 3 0300 0504 0950 1100
16 1 3 1100 1102 1305 1800
17 0 1 0605 0800 1230 1520 1800 1830 2000 2400
18 1 1 0701 0900 1200 1300 1200 1500 1800 1900
19 0 1 1250 1500 1600 1830 2140 2230 0000 0100
20 1 1 1350 1445 1620 1720 1820 0100 2021 2230
21 0 1 1250 1500 1600 1830 2140 2230 0000 0100
22 1 1 1350 1445 1620 1720 1820 0100 2021 2230
23 0 2 2050 4050 0600 1200
24 1 2 0800 0900 1525 1630
25 0 3 0300 0504 0950 1100
26 1 3 1100 1102 1305 1800
27 0 1 0605 0800 1230 1520 1800 1830 2000 2400
28 1 1 0701 0900 1200 1300 1200 1500 1800 1900
29 0 1 1250 1500 1600 1830 2140 2230 0000 0100
30 1 1 1350 1445 1620 1720 1820 0100 2021 2230
31 0 1 1250 1500 1600 1830 2140 2230 0000 0100
32 1 1 1350 1445 1620 1720 1820 0100 2021 2230
33 0 2 2050 4050 0600 1200
34 1 2 0800 0900 1525 1630
35 0 3 0300 0504 0950 1100
36 1 3 1100 1102 1305 1800
37 0 1 0605 0800 1230 1520 1800 1830 2000 2400
38 1 1 0701 0900 1200 1300 1200 1500 1800 1900
39 0 1 1250 1500 1600 1830 2140 2230 0000 0100
40 1 1 1350 1445 1620 1720 1820 0100 2021 2230
41 0 1 1250 1500 1600 1830 2140 2230 0000 0100
42 1 1 1350 1445 1620 1720 1820 0100 2021 2230
43 0 2 2050 4050 0600 1200
44 1 2 0800 0900 1525 1630
45 0 3 0300 0504 0950 1100
46 1 3 1100 1102 1305 1800
46 1 2 1620 1700 1800 1900
47 0 1 0605 0800 1230 1520 1800 1830 2000 2400
48 1 1 0701 0900 1200 1300 1200 1500 1800 1900
49 0 1 1250 1500 1600 1830 2140 2230 0000 0100
50 1 1 1350 1445 1620 1720 1820 0100 2021 2230